-8.51289555e-02  1.39568001e-01  5.98429851e-02 -1.46963205e-02
-1.05976872e-01  2.92505566e-02 -4.72573042e-02 -2.62770317e-02
1.91106677e-01 -1.08053945e-01  1.12791449e-01  1.54918991e-04
-2.22717613e-01  1.14282787e-01 -7.39157051e-02  1.28780171e-01
-1.13202281e-01 -1.10656187e-01 -9.60660130e-02 -5.63859344e-02
2.65426189e-02  1.44668259e-02 -2.12357696e-02  9.76683050e-02
-1.32232368e-01 -3.05143178e-01 -8.32335353e-02 -5.54435700e-02
1.09720808e-02 -7.59128854e-02 -1.02837309e-02  7.24379299e-03
-1.57698750e-01 -3.53701860e-02 -1.27448654e-02  7.65805021e-02
-4.53949943e-02 -7.39374459e-02  1.85114563e-01  5.27656078e-02
-1.70246199e-01  4.10573520e-02  4.11542505e-02  2.90152550e-01
1.74301282e-01  1.17803305e-01  1.31631736e-02 -7.82021657e-02
4.87887636e-02 -2.67760187e-01  1.00773372e-01  1.29663527e-01
8.82791430e-02  9.77579728e-02  4.37883809e-02 -1.85530841e-01
5.17715290e-02  1.03605174e-01 -1.69738755e-01  1.00742161e-01
7.10255131e-02 -5.93314730e-02  1.33492257e-02 -4.34160531e-02
1.87614575e-01  1.20764367e-01 -1.09399110e-01 -5.71793206e-02
9.26385522e-02 -2.25101471e-01 -4.70254496e-02  2.74582766e-04
-6.32295236e-02 -2.17660710e-01 -3.06187391e-01  1.09255187e-01
4.25157785e-01  3.00084174e-01 -1.39820993e-01 -1.72304865e-02
2.62403339e-02 -3.08017153e-03  1.03380278e-01  1.08225256e-01
-1.67095050e-01 -7.36676008e-02 -4.45024222e-02  6.11875132e-02
1.86186463e-01  6.04090653e-02 -6.53913841e-02  2.01834142e-01
1.27149709e-02 -2.61559803e-03 -1.69696845e-02  5.78442141e-02
-1.17343038e-01  7.82007538e-03 -1.19229048e-01  1.69362985e-02
4.85954247e-02 -4.33335565e-02  1.85136590e-02  1.20998614e-01
-2.02555746e-01  1.05308160e-01 -5.11577278e-02 -8.92030075e-02
1.10010067e-02  1.16144784e-01 -2.08034933e-01 -4.94221598e-02
2.02922359e-01 -1.88018769e-01  1.45147353e-01  2.34602660e-01
1.67518239e-02  1.44583389e-01  1.71724245e-01  1.05816402e-01
5.32213226e-02  6.33527990e-03 -1.44070342e-01 -7.98560381e-02
9.10018086e-02 -3.90949622e-02  1.25539899e-01  4.60299104e-02
